$ANSIBLE_VAULT;1.1;AES256
65356236613730396164373330336633626465333463393864666666326139303036633662353838
3536346463633034346536366436646165303030383534390a333430636365636632373337303831
34666333363763393762636462663333333165636632373330326664383935666339396331363963
3365633132646139610a356333363961336562393136666636633030636231336431373434306333
38366635353435663131373562366333646461663030386639636630386330303838323061666365
33313966326161323436666562643037326530633062663938353834343561326532396238633935
30383035643566663863666163616335303933323235356230313139333035653233656161376432
30366131666262306233393739643562346337373136663561616631353462363330643866333439
36613834653738313037646364353863633131313235333865626438313539636539366138636666
33353363343365383562646633366430633531653466346165333038333831666462633364343939
66313131343639343166656232663864386562656362316231646339326332343264353034356531
66396665633734323635653339656363326536333536336465313431346130353139316439306434
66343738326133313265643564346632343761663636306266383235633862376331613636306233
66306434393634663638356230393136363261316636626433613364386135653633336235316466
66343438313533333336323936623539646165333464616234363965396464303264333435373831
34663565613736633438643031363565396231373538363434663235623134376361613563363931
34333935326633616234623434353430303836646465356537313663663939383233643862316639
63333764613039343463373363643535313836383232376536386434623534636466653039363133
36393336336133343339383939326564613039626465353862346334386639353734373762613037
37356662633331343662356363313063313464653430633862306632313662373363326462313334
37366336623863336339303564363161333361393866353237653939333239343862613939643737
63306131666664373265366434303861383137376234386335666364313931633937346661363765
38313064323635643132343538306533656464626264633230643430626165313936356633653636
38313639383931626633326462393662623165356437333562323635363332383035376132333439
65346265326137666436613733326565633535363830313937633831396439633166346137313765
31303436376339353433383931373066643863343334313134663465343164383662613463393264
39613339633361313630353637623933366136613935323764343636303863323833376363393135
30306531373630346333633266326336626266613762343862643137656330383534363836616434
37336537343466633431643438376539393635653766653833343162303937323030663539663866
64373030393932623261613437333266356437633031326234333363616262343762636264636362
66623339366133313331393738356466366465643764646464353430303537313461616134623137
38366433343765616333356264363830623264626335623933646432656436653332633433333564
61373835613537663933336536323565623234613437333166656163373066313861613963353161
30393230653736623835396264656236656433636535343531363833393234373539653833373538
65376465313865363963633435643532316135633436383461376531326231393861643464386465
31343161613830626136353663613561623435643135373334313265666366663663363131613235
35633339636331663064386632623035633137386439303637613533356434633138663437303361
31643031613930623036393736656430353464396137323535656634626332373736363432333761
64326462393162323634326533353366396533636139323865313134373933326637623734626161
62333566373637653333313564363535663838346232383164643436303033326531303531326666
37343165373738363534316464383734323761616461383166343563333765343832333563356639
36613561316634393933323664623639653931306465353138653764313730306133643035663161
32393364303663623832393937333237653035346533363931343338323735366634643639666333
31333333633331653535386634353035356430316163313030623432303730303334616464623939
36373333363061633264363034643833366331353362646132616138653231636265393838376535
66386565353638396139346238663232623636356665653739336530356635306333376261376165
61623038626131326538316534343866363362313030663335343861383633323764356439333634
37356561323562653362653062643664373839333364323264393463346663623833313338393365
63653432383566343134633631303761643166626433653166623133383739303437663130323730
34383366373763633532383462623632343433383263653266643133393166383264366465636434
66363634366539396534646231313037626532353966396332393938383433363538616136366465
30343265663366613034626266386431343963623736343865613036663430363265316431663936
32303464623835393233303931663431376432643165333437313765393764373063396339626536
35323034346132616264303734623237363536373530373039316432356466623033663837353136
61646530376432363335626661643132346239353866626639663966366430373464336130656662
61613562623164616133656461373130306534336232303562373135663666346639343132373730
31323535343935363538646262623131643734363837353331333833376566313333623063633563
33346331346166306631656333346237353163373432616331656464333463343230623736363163
33613963646533633133653432393630613138613764353732366562333333343836326462376136
31343437386464623433376163313261363030643838653862373138383831366137343166336532
33393430633130633534326264333636303930613061653337663035326535373235336231313231
39663036633131346463626435626135326462333334643665663131346130303366653961393530
30336565343365666561346236613231636365326539663433653964343435396436383138663039
66353764323464326538396166306131613663613230306239313432386262346365343639323131
61633235313533333637643061386162653763323566363261613932323032633036356465396236
31653135386435383233623832393438396265313133633530346235646430333533386133356334
32643965383562633365383534393337393664653961623663653061366430353866313162336561
63643164393765626339663137663931396466663138303065613738393437616263643435386337
37336536373065613766373264653764336538333966626531663030363064303539643734636537
65343238356239363037633131323034343762303830626165333561623161363939323331666438
61323039346139393530333539666236316630396639336264313965316166666135623864393330
61363366336237366237626564303531303631666632623235653162393532386663653761303764
30316439376265626265633034643437353466616532313664323063383630343535636666383331
61636337623563653361373865643561616133633330363366363439613562373338326432346338
33383232653838303131613033353137363664616164633331656234633663333263633934323265
36616532343939366634623133366333313239393735663434656532646264363435383064376635
36313764653861303431353533373834333932626232623736626535346135393238663536386536
66613434393063623436333635633633366162346564346434373961356337356263376231363466
30333565333935663265613034366563336562623530613565343839303139653437343762363262
36613831373432613938393131393731326334303930323031363163633661623464346161623930
64616363366665346534303432303837616435336265643239343435653136656430303333396234
32613762353132646538643463356365323832396432643636343933373835383366333835383937
30623665653038386432333331363830313834336266626265326666313834333461336334623263
37376435643831636463333464626138346638616139383563343461383630373932323266623961
38666234316635323263383063353361653536313535613930643331303566306330616538336531
36353331363163656364303035643930393733613465633762356235633633353034333535623564
62666465623037386133626132383636613334313064643862346339303464323138633033373661
34303334633131313664333363623833636130303837313562336533613034373134343534653036
65626536663464663238653632376265626631356338636466313632633839646432656539623335
35316633633331663839353761613332396637383366623862303136386363383566316136323665
35313465323731666135353263313134633735336335626662353261393934336634613966363536
32626230613037346665623831343863326437653936343633353535666539393731613631653266
31633435633062656639666262663263626262396666323439666161366633343831643734343531
33313463376364373032386633326561366637663830333634346562393938303862333566643334
61666534366661626262326563653834656161643636613263393934613966616134366133323163
38313166343061383831663236363661326166383931383339366334623565653732376434346130
39643036633165323835636636343839353732656631353438653935656535303839323937626538
39393961663266663837393033613534633537306430383137636266643863353738363333646430
64393665366539323639383837353038373233396535363462376330303736353162313063303231
61383933326438653231383931623932366336353337626639353833333634643432666437616134
66646133376138633761373838653563356365356130653561383633323738666566336531356137
64313366373763343931333665376234613339326635623066643035303135376566323239666366
31646337316635636366326663633233353337636539626664376339663363313436633431363235
38346234653931323430656439623436626636633437306565366462333764306161626537623837
34616639633863306661616465356562663664666338333865663265656539353962343762626638
62613762373639313631383335303139646238383331393137393334373362646436623534393332
64356561663033393136613135356566613336313234613735383566383234316436323161316661
33653436363135613165363265616561363461633664316265313035363439656631393138326237
64646463623831353232633136626139353936653135323732666562353664643635343433356537
36363961393334376462613065616333353766656564386533616464323635333263316564636665
65353238666332333663303034333363383732663033393763333033316565376235366336303630
65636335393138383233653531356238633939663031376239336462373430336130323437616131
32623363373937323031306638326439333431623733373664303362643530623232666563363333
62386162663239303733356231303330333137653137366439643465616433343661353538663265
61636431336662326336346463613834626562316636626631373662656438656235643266653835
66326630626562646464316336326238356266356261376431663234383931636462663861313535
37663131646162663438346337626362616166363036373661646633396538343161643666613261
66386139366530313136376330646236646236323632393162663064643461343131663662613463
30336631663033313534353437383036333361313531623861343761346536353266333037363036
30346665303139346539303666353261646430653430353635303132646134323139313835363763
37346461613163313765393136633662306334343165363265343037316461373139353335303163
30363232346464343532396162376130666164303763316531343834393263383736333932623539
61363366316639393930346639353936353637623439333963633536666530633232353638653937
33303534323061643765346231653366373036363038386233363236626162316637366366663364
35646338636637363765613830353238613738613764356638636266366462306364613264303961
31613238313537656238303466366261613133353039333665633263326534626534643036303938
35623364376566373338323434376637306262666235613731626637633735366233346534393033
30323133633863363361396230323238356435376338636439663330326665613839363031393739
38383838326236613862356465313634343463343437326639343061376633313936613533663161
61333134366162613936666535343635376636636330616637376436313131613762313938313739
36333331613063613736633965366434666136623730643533326435326139353736303564353832
36353261393566386466326639383135356565633061323965376231656438656265326465323566
65333165333138363030313163653132663066666161333762633064303439383063306434656561
3536313865653231366234633063623331633331316563663036
